0  7.40061e-05 -0.000126434  -0.00021425 0.187816 0.981727 0.000107511 0.0306275
1  -0.995817   0.224807 -0.0135487 0.182603 0.98169 0.0103514 0.0532291
2   -1.97423   0.444307 -0.0521596 0.129649 0.99014 0.014246 0.0510949
3  -2.94205  0.719928 -0.116112 0.0927748 0.993412 -0.0428828 0.0518401
4 -3.94503 0.854398 -0.14733 0.0916725 0.994604 0.000472525 0.0485602
5  -4.00895  0.848523 -0.141506 0.192372 0.979531 0.0115758 0.0581287
6  -4.27737   0.96671 -0.163329 0.297004 0.953199 0.0119604 0.0552926
7  -5.13034   1.53816 -0.222773 0.233918 0.969905 -0.0390247 0.0551774
8  -6.06743   1.93047 -0.259118 0.195638 0.980099 -0.00667674 0.0329818
9  -6.10578   1.91212 -0.265635 0.0905911 0.994383 -0.00365935 0.0546079
10   -6.1258   1.87938 -0.277956 -0.0443754 0.998327 -0.000569387 0.0370533
11  -6.14534   1.89033 -0.284208 -0.145228 0.987662 -0.0237436 0.0535569
12  -6.12708   1.81726 -0.288288 -0.257725 0.965674 0.0149177 0.0287846
13  -6.15497   1.82656 -0.295745 -0.366187 0.929653 -0.0165947 0.0370997
14  -6.14484   1.80267 -0.303323 -0.459949 0.887032 -0.0115929 0.0385572
15 -6.09434  1.77975 -0.30452 -0.575559 0.817526 -0.00503021 0.0188994
16   -6.1084   1.76228 -0.298723 -0.65874 0.751134 -0.0136994 0.0408723
17  -6.01332   1.72596 -0.284112 0.735095 -0.677842 -0.0116565 0.00534411
18  -6.01938   1.68267 -0.274911 0.814744 -0.579336 0.00398225 -0.0233928
19  -5.82161   1.50229 -0.275214 0.868946 -0.494184 0.0241977 -0.0113525
20  -5.46332   1.21365 -0.237169 0.92041 -0.39083 -0.00640087 0.00752975
21  -5.23033   1.08581 -0.210096 0.956533 -0.291449 0.00837478 -0.00564752
22  -5.03871   1.03893 -0.196858 0.983483 -0.180986 -0.00143946 0.00194604
23  -4.08089  0.717334 -0.158436 0.989942 -0.140239 -0.0131488 0.0132041
24  -3.90849  0.709715 -0.131999 0.969955 -0.239761 -0.00828095 0.0404295
25  -3.74599  0.604197 -0.152753 0.990179 -0.139345 -0.0081292 0.00785769
26  -3.58369  0.593035 -0.114927 0.970383 -0.238789 -0.0102295 0.0350889
27  -3.46674  0.493303 -0.120542 0.989941 -0.140418 -0.0156438 -0.00739193
28   -2.49639   0.242657 -0.0769417 0.992282 -0.122348 -0.0087326 0.0181874
29    -2.3722   0.234244 -0.0517968 0.974436 -0.220995 -0.0110357 0.0389031
30   -2.26519   0.146412 -0.0621385 0.993739 -0.110278 -0.0160321 -0.00805782
31    -1.9139   0.166471 -0.0644578 0.999706 -0.0026419 -0.0173458 0.0167135
32  -0.924518   0.367888 -0.0285589 0.995492 0.0906437 -0.0272145 0.00621513
33  0.0120917    0.68215 -0.0211645 0.979787 0.196973 -0.0324493 0.0129028
34    0.170892    0.809745 -0.00357934 0.993569 0.0983795 -0.00848547 0.0554144
35   0.323778   0.795447 -0.0148637 0.979621 0.198369 -0.0302176 0.00894226
36     1.03801     1.24259 -0.00275275 0.951306 0.302251 0.00538923 0.0602689
37    1.04273    1.26174 0.00216166 0.911421 0.408759 -0.00312483 0.047095
38    1.06227    1.27963 -0.0044276 0.841098 0.537914 -0.0367911 0.042995
39   0.971545    1.31436 -0.0137658 0.771298 0.633698 0.00211929 0.0593516
40   0.992634     1.3448 -0.0156857 0.683812 0.727189 -0.0377235 0.0466266
41    0.917927     1.33781 -0.00821549 0.593852 0.802293 0.00641458 0.0602005
42   0.920037    1.36616 -0.0092005 0.505238 0.861566 -0.0177065 0.0460996
43   0.876299    1.37167 -0.0222436 0.386241 0.919664 -0.0198902 0.0681205
44   0.820157    1.36676 -0.0270137 0.252724 0.966169 -0.0180911 0.0481702
45   0.775203    1.32687 -0.0385751 0.134582 0.98931 -0.00186096 0.0561254
46   0.740617    1.33066 -0.0299974 0.0175668 0.998743 -0.0175976 0.0435139
47   0.717036    1.32235 -0.0356361 -0.082625 0.99498 -0.0210477 0.052383
48   0.696585    1.30262 -0.0213574 -0.210002 0.976701 -0.0171494 0.0407517
49   0.671976    1.27276 -0.0147183 -0.319833 0.946805 -0.00552243 0.0351555
50   0.673102    1.25888 -0.0116147 -0.465434 0.884902 -0.00224365 0.0177233
51   0.636425    1.23991 -0.0310993 -0.60273 0.795626 -0.0218675 0.0567252
52    0.649976    0.996598 -0.00944144 -0.68257 0.73018 -0.000313707 0.0305759
53  0.693139  0.854389 0.0128395 -0.600278 0.799313 0.0271122 0.0053548
54  0.471116  -0.14428 0.0294374 -0.592431 0.805052 0.0282058 0.010992
55  0.241123  -0.67139 0.0350272 -0.506707 0.861625 0.00187457 0.0291127
56  0.131602 -0.876662 0.0305478 -0.591089 0.805766 -0.0131057 0.03439
57   0.11735  -1.05261 0.0517744 -0.500521 0.864991 0.0246639 0.0256952
58 -0.118854  -1.53488 0.0520016 -0.584455 0.81063 0.000937563 0.0359069
59 -0.333027  -2.53001 0.0832773 -0.565051 0.824718 0.0230197 0.00523923
60 -0.408091  -2.63597 0.0667051 -0.647237 0.761185 -0.00790365 0.0402412
61 -0.386133  -2.79096 0.0816417 -0.566973 0.823369 0.0227228 0.00942367
62 -0.458955  -2.90882 0.0611988 -0.648483 0.760088 -0.00437212 0.0414329
63 -0.430144  -3.07581  0.077939 -0.56627 0.823753 0.0264766 0.00826048
64 -0.500535  -3.24632 0.0457882 -0.655381 0.754541 0.00083934 0.0337932
65 -0.475823  -3.38789 0.0793656 -0.574132 0.81809 0.0320472 0.00861072
66 -0.570822  -3.57964 0.0688677 -0.656309 0.753884 0.000550948 0.0302973
67 -0.551963  -3.72372  0.100039 -0.574221 0.818 0.0334471 0.00534241
68 -0.635455  -3.90688 0.0661781 -0.658809 0.75158 0.00379336 0.0329307
69 -0.607532  -4.03805 0.0846126 -0.575118 0.817477 0.0295722 0.00980531
70  -0.69295  -4.18279 0.0700776 -0.656483 0.753223 0.000252347 0.0410518
71  -0.65391  -4.36188 0.0909691 -0.57351 0.818525 0.0326522 0.00613241
72 -0.745188  -4.51867 0.0672974 -0.658956 0.750815 -0.00223441 0.0452772
73 -0.711472  -4.68196  0.091867 -0.555899 0.830599 0.0290051 0.0154934
74 -0.993381  -5.29346 0.0907401 -0.47007 0.882157 0.0239259 0.0161496
75 -1.09899 -5.39006 0.062132 -0.558293 0.828165 -0.00706403 0.0490158
76  -1.10014   -5.5254 0.0796387 -0.464651 0.884756 0.0279014 0.0229677
77  -1.28404  -5.80309 0.0811918 -0.368792 0.928372 0.0178583 0.0424113
78  -1.40116  -5.97325 0.0888691 -0.493666 0.869439 -0.00473951 0.0186531
79  -1.34473   -6.0258 0.0927164 -0.598185 0.800335 0.0404102 -0.00228316
80    -1.324  -6.06132 0.0810605 -0.70251 0.710589 0.038716 -0.00658925
81  -1.28127  -6.44172 0.0921609 -0.608584 0.792939 0.0151394 0.0253835
82  -1.28065  -6.49169 0.0971857 -0.503984 0.862764 0.0221473 0.0338743
83  -1.31168  -6.65609 0.0954688 -0.413346 0.909581 0.0340373 0.0254691
84  -1.69924  -7.19249 0.0794649 -0.531432 0.846029 0.00664342 0.0420759
85 -1.77281 -7.39863 0.115319 -0.621004 0.782563 -0.00940574 0.0431456
86 -1.73101 -7.47596 0.104355 -0.705576 0.707912 0.0236976 0.0214863
87 -1.71157 -7.69143  0.11481 0.794865 -0.606289 0.0050837 -0.0240344
88   -1.6473  -7.77328 0.0918344 0.869964 -0.491666 -0.0321472 -0.019835
89 -1.49693 -7.95559 0.114932 0.928029 -0.372391 0.00519984 -0.00771071
90  -1.4026 -7.99598 0.100195 0.971386 -0.23526 -0.0324788 0.00248627
91 -1.16402  -8.0668   0.1254 0.995751 -0.0919585 -0.00191279 -0.00438452
92 -1.05066 -8.02574 0.122933 0.998323 0.0277108 -0.0394617 0.0320215
93 -0.404486  -7.25999  0.057865 0.998209 0.0502983 -0.00304075 0.032245
